+--------+--------+---------+-------+-------+---------+--------+--------+---------+-------+-------+---------+
| cust   |    sum |     avg |   max |   min |   count | cust   |    sum |     avg |   max |   min |   count |
|--------+--------+---------+-------+-------+---------+--------+--------+---------+-------+-------+---------|
| Dan    | 139049 | 520.783 |   998 |     1 |     267 | Dan    | 144623 | 512.848 |   999 |     3 |     282 |
| Claire | 146685 | 488.95  |   999 |     5 |     300 | Claire | 132693 | 495.123 |  1000 |     4 |     268 |
| Sam    | 143557 | 535.66  |  1000 |     2 |     268 | Sam    | 133764 | 486.415 |   996 |     4 |     275 |
| Helen  | 147991 | 508.56  |   998 |     3 |     291 | Helen  | 138453 | 479.076 |   997 |     1 |     289 |
| Emily  | 143145 | 481.97  |   995 |     5 |     297 | Emily  | 120643 | 453.545 |   984 |     5 |     266 |
| Wally  | 132746 | 488.037 |  1000 |    10 |     272 | Wally  | 150506 | 511.925 |   986 |     1 |     294 |
| Chae   | 146148 | 505.702 |   998 |     7 |     289 | Chae   | 145308 | 502.796 |   999 |     1 |     289 |
| Boo    | 129616 | 458.007 |  1000 |     2 |     283 | Boo    | 131176 | 485.837 |   999 |     2 |     270 |
| Mia    | 142547 | 503.7   |   997 |     8 |     283 | Mia    | 138244 | 495.498 |   997 |     2 |     279 |
+--------+--------+---------+-------+-------+---------+--------+--------+---------+-------+-------+---------+