+--------+---------------+---------------+---------------+---------------+-----------------+---------------+---------------+---------------+---------------+-----------------+
| cust   |   sum_1_quant |   avg_1_quant |   max_1_quant |   min_1_quant |   count_1_quant |   sum_2_quant |   avg_2_quant |   max_2_quant |   min_2_quant |   count_2_quant |
|--------+---------------+---------------+---------------+---------------+-----------------+---------------+---------------+---------------+---------------+-----------------|
| Dan    |        139049 |       520.783 |           998 |             1 |             267 |        144623 |       512.848 |           999 |             3 |             282 |
| Claire |        146685 |       488.95  |           999 |             5 |             300 |        132693 |       495.123 |          1000 |             4 |             268 |
| Chae   |        146148 |       505.702 |           998 |             7 |             289 |        145308 |       502.796 |           999 |             1 |             289 |
| Mia    |        142547 |       503.7   |           997 |             8 |             283 |        138244 |       495.498 |           997 |             2 |             279 |
| Sam    |        143557 |       535.66  |          1000 |             2 |             268 |        133764 |       486.415 |           996 |             4 |             275 |
| Wally  |        132746 |       488.037 |          1000 |            10 |             272 |        150506 |       511.925 |           986 |             1 |             294 |
| Helen  |        147991 |       508.56  |           998 |             3 |             291 |        138453 |       479.076 |           997 |             1 |             289 |
| Emily  |        143145 |       481.97  |           995 |             5 |             297 |        120643 |       453.545 |           984 |             5 |             266 |
| Boo    |        129616 |       458.007 |          1000 |             2 |             283 |        131176 |       485.837 |           999 |             2 |             270 |
+--------+---------------+---------------+---------------+---------------+-----------------+---------------+---------------+---------------+---------------+-----------------+